#!/usr/bin/python3
import numpy as np

A = np.matrix([[1, 2, 5], [-1, 3, -1], [2, 1, -2]])  # 3x3 matrix
B = np.matrix([[1, 2, 5, 2], [-1, 3, -1, -1],
               [2, 1, -2, 1], [1, -1, 1, -1]])  # 4x4 matrix
A = np.linalg.inv(A)
B = np.linalg.inv(B)
print(A)
print(B)


"""
 A = 
 [[ 0.10416667 -0.1875      0.35416667]
 [ 0.08333333  0.25        0.08333333]
 [ 0.14583333 -0.0625     -0.10416667]]
 B = 
 [[ 4.16666667e-02 -1.38777878e-17  2.91666667e-01  3.75000000e-01]
 [ 8.33333333e-02  2.50000000e-01  8.33333333e-02  0.00000000e+00]
 [ 1.25000000e-01  1.15648232e-18 -1.25000000e-01  1.25000000e-01]
 [ 8.33333333e-02 -2.50000000e-01  8.33333333e-02 -5.00000000e-01]]
"""
